8776790
17956744
20120626
20301574
21058849
23261135
23418586
23814343
24497652
24857255
24889207
25178930
25697832
26047492
26141007
26683236
27775416
28331991
28757454
28888927
28934531
29782076
29890964
30093362
30395300
30537570
30579141
30869927
31234011
32240932
33122081
33749768
34037671
34607184
34951014
35465862
35699363
35970642
35994289
36272761
37294231
37855753
38074253
38127505
38506779
38847813
39078226
39153551
39181105
39608635
40354717
40668370
41138251
41499144
41550113
42381414
42449039
